{
 "cells": [
  {
   "cell_type": "markdown",
   "metadata": {},
   "source": [
    "# EMアルゴリズムの実装"
   ]
  },
  {
   "cell_type": "markdown",
   "metadata": {},
   "source": [
    "混合ガウス分布に従うデータを生成する．"
   ]
  },
  {
   "cell_type": "code",
   "execution_count": 25,
   "metadata": {},
   "outputs": [],
   "source": [
    "import numpy as np\n",
    "import matplotlib.pyplot as plt\n",
    "x1 = np.random.normal(size=100)\n",
    "x1 += np.array(5)\n",
    "x2 = np.random.normal(size=199)\n",
    "x2 += np.array(0)\n",
    "x = np.hstack((x1, x2))"
   ]
  },
  {
   "cell_type": "code",
   "execution_count": 26,
   "metadata": {},
   "outputs": [
    {
     "data": {
      "text/plain": [
       "(array([15., 32., 85., 53., 13.,  7., 26., 36., 23.,  9.]),\n",
       " array([-2.5299978 , -1.51647697, -0.50295613,  0.51056471,  1.52408554,\n",
       "         2.53760638,  3.55112722,  4.56464805,  5.57816889,  6.59168973,\n",
       "         7.60521056]),\n",
       " <a list of 10 Patch objects>)"
      ]
     },
     "execution_count": 26,
     "metadata": {},
     "output_type": "execute_result"
    }
   ],
   "source": [
    "plt.hist(x)"
   ]
  },
  {
   "cell_type": "code",
   "execution_count": 27,
   "metadata": {},
   "outputs": [
    {
     "data": {
      "image/png": "iVBORw0KGgoAAAANSUhEUgAAAXQAAAD8CAYAAABn919SAAAABHNCSVQICAgIfAhkiAAAAAlwSFlz\nAAALEgAACxIB0t1+/AAAD05JREFUeJzt3WuMXVd5xvH/U5s0JDRyQiaRsaETJCuAUJPQURSIhNQ4\nqQJGsT9AFdQii1qyKlEIFwkM/YAq9YOjIi5SKyQrgY5EGpKaRI4CpbgmqKpUXMZJCkkMdTDGmJh4\noAlXqdTw9sPstJYz9tkzc84cvOb/k0b77HXW9n637XlmzTr7kqpCknTu+61xFyBJGg4DXZIaYaBL\nUiMMdElqhIEuSY0w0CWpEQa6JDXCQJekRhjoktSI1cu5s0svvbQmJyeXc5eSdM47cODAD6tqYlC/\nZQ30yclJZmZmlnOXknTOS/LdPv2ccpGkRhjoktQIA12SGmGgS1IjDHRJaoSBLkmNMNAlqREGuiQ1\nwkCXpEYs65WiWpjJHZ8fy36P7Nw0lv1KWhpH6JLUCANdkhphoEtSIwx0SWqEgS5JjTDQJakRBrok\nNaJXoCd5T5LHkzyW5O4k5ye5Isn+JIeS3JPkvFEXK0k6s4GBnmQd8C5gqqpeDawCbgVuBz5WVRuA\nZ4BtoyxUknR2fadcVgMvTLIauAA4DtwA7O7enwa2DL88SVJfAwO9qr4PfAQ4ylyQ/xg4ADxbVSe7\nbseAdaMqUpI0WJ8pl4uBzcAVwEuAC4E3zNO1zrD99iQzSWZmZ2eXUqsk6Sz6TLncCHynqmar6n+A\n+4DXAWu6KRiA9cBT821cVbuqaqqqpiYmJoZStCTp+foE+lHguiQXJAmwEXgCeAh4c9dnK7BnNCVK\nkvroM4e+n7kPPx8GvtFtswv4APDeJE8CLwbuHGGdkqQBet0Pvao+DHz4tObDwLVDr0iStCheKSpJ\njTDQJakRBrokNcJAl6RGGOiS1AgDXZIaYaBLUiMMdElqhIEuSY0w0CWpEQa6JDXCQJekRhjoktQI\nA12SGmGgS1IjDHRJakSfh0RfmeTRU75+kuTdSS5JsjfJoW558XIULEmaX59H0H2rqq6uqquB3wd+\nAdwP7AD2VdUGYF+3Lkkak4VOuWwEvl1V3wU2A9Nd+zSwZZiFSZIWZqGBfitwd/f68qo6DtAtL5tv\ngyTbk8wkmZmdnV18pZKks+od6EnOA24B/mEhO6iqXVU1VVVTExMTC61PktTTQkbobwAerqqnu/Wn\nk6wF6JYnhl2cJKm/hQT6W/n/6RaAB4Ct3eutwJ5hFSVJWrhegZ7kAuAm4L5TmncCNyU51L23c/jl\nSZL6Wt2nU1X9AnjxaW0/Yu6sF0nSbwCvFJWkRhjoktQIA12SGmGgS1IjDHRJaoSBLkmNMNAlqREG\nuiQ1wkCXpEYY6JLUCANdkhphoEtSIwx0SWqEgS5JjTDQJakRfR9wsSbJ7iTfTHIwyWuTXJJkb5JD\n3fLiURcrSTqzviP0TwBfrKpXAFcBB4EdwL6q2gDs69YlSWMyMNCTXAS8HrgToKp+WVXPApuB6a7b\nNLBlVEVKkgbrM0J/OTALfDrJI0nuSHIhcHlVHQfolpeNsE5J0gB9An018Brgk1V1DfBzFjC9kmR7\nkpkkM7Ozs4ssU5I0SJ9APwYcq6r93fpu5gL+6SRrAbrlifk2rqpdVTVVVVMTExPDqFmSNI+BgV5V\nPwC+l+TKrmkj8ATwALC1a9sK7BlJhZKkXlb37PdO4K4k5wGHgbcz98Pg3iTbgKPAW0ZToiSpj16B\nXlWPAlPzvLVxuOVIkhbLK0UlqREGuiQ1wkCXpEYY6JLUCANdkhphoEtSIwx0SWqEgS5JjTDQJakR\nBrokNcJAl6RGGOiS1Ii+d1vUCjK54/Nj2/eRnZvGtm/pXOcIXZIaYaBLUiN6TbkkOQL8FPgVcLKq\nppJcAtwDTAJHgD+qqmdGU6YkaZCFjND/oKqurqrnHnSxA9hXVRuAfSzgwdGSpOFbypTLZmC6ez0N\nbFl6OZKkxeob6AV8KcmBJNu7tsur6jhAt7xsFAVKkvrpe9ri9VX1VJLLgL1Jvtl3B90PgO0AL3vZ\nyxZRoiSpj14j9Kp6qlueAO4HrgWeTrIWoFueOMO2u6pqqqqmJiYmhlO1JOl5BgZ6kguT/M5zr4E/\nBB4DHgC2dt22AntGVaQkabA+Uy6XA/cnea7/31fVF5N8Dbg3yTbgKPCW0ZUpSRpkYKBX1WHgqnna\nfwRsHEVRkqSF80pRSWqEgS5JjTDQJakRBrokNcJAl6RGGOiS1AgDXZIaYaBLUiMMdElqhIEuSY0w\n0CWpEQa6JDXCQJekRhjoktQIA12SGmGgS1Ijegd6klVJHknyYLd+RZL9SQ4luSfJeaMrU5I0yEJG\n6LcBB09Zvx34WFVtAJ4Btg2zMEnSwvQK9CTrgU3AHd16gBuA3V2XaWDLKAqUJPXTd4T+ceD9wK+7\n9RcDz1bVyW79GLBuvg2TbE8yk2RmdnZ2ScVKks5sYKAneRNwoqoOnNo8T9eab/uq2lVVU1U1NTEx\nscgyJUmDrO7R53rgliRvBM4HLmJuxL4myepulL4eeGp0ZUqSBhk4Qq+qD1bV+qqaBG4FvlxVfww8\nBLy567YV2DOyKiVJAy3lPPQPAO9N8iRzc+p3DqckSdJi9Jly+T9V9RXgK93rw8C1wy9JkrQYXikq\nSY0w0CWpEQa6JDXCQJekRizoQ1FJ7Zjc8fmx7fvIzk1j23fLHKFLUiMMdElqhIEuSY0w0CWpEQa6\nJDXCQJekRhjoktQIA12SGmGgS1IjvFJ0gHFeTSdJC9HnmaLnJ/n3JP+R5PEkf9m1X5Fkf5JDSe5J\nct7oy5UknUmfKZf/Bm6oqquAq4Gbk1wH3A58rKo2AM8A20ZXpiRpkD7PFK2q+lm3+oLuq4AbgN1d\n+zSwZSQVSpJ66fWhaJJVSR4FTgB7gW8Dz1bVya7LMWDdaEqUJPXRK9Cr6ldVdTWwnrnniL5yvm7z\nbZtke5KZJDOzs7OLr1SSdFYLOm2xqp5l7iHR1wFrkjx3lsx64KkzbLOrqqaqampiYmIptUqSzqLP\nWS4TSdZ0r18I3AgcBB4C3tx12wrsGVWRkqTB+pyHvhaYTrKKuR8A91bVg0meAD6b5K+AR4A7R1in\nJGmAgYFeVV8Hrpmn/TBz8+mSpN8AXvovSY0w0CWpEQa6JDXCQJekRni3RWnMvKOnhsURuiQ1wkCX\npEYY6JLUCANdkhphoEtSIwx0SWqEgS5JjfA8dEnLblzn3h/ZuWks+10ujtAlqREGuiQ1os8Ti16a\n5KEkB5M8nuS2rv2SJHuTHOqWF4++XEnSmfQZoZ8E3ldVr2TuWaLvSPIqYAewr6o2APu6dUnSmAwM\n9Ko6XlUPd69/ytzzRNcBm4Hprts0sGVURUqSBlvQHHqSSeYeR7cfuLyqjsNc6AOXDbs4SVJ/vQM9\nyYuAzwHvrqqfLGC77UlmkszMzs4upkZJUg+9Aj3JC5gL87uq6r6u+ekka7v31wIn5tu2qnZV1VRV\nTU1MTAyjZknSPPqc5RLgTuBgVX30lLceALZ2r7cCe4ZfniSprz5Xil4PvA34RpJHu7YPATuBe5Ns\nA44CbxlNiZKkPgYGelX9K5AzvL1xuOVIkhbLK0UlqREGuiQ1wkCXpEYY6JLUCANdkhphoEtSIwx0\nSWrEOfMIunE9skqSzhWO0CWpEQa6JDXCQJekRhjoktSIc+ZDUa0M4/rw+8jOTWPZrzRMjtAlqREG\nuiQ1wkCXpEb0eQTdp5KcSPLYKW2XJNmb5FC3vHi0ZUqSBukzQv874ObT2nYA+6pqA7CvW5ckjdHA\nQK+qfwH+67TmzcB093oa2DLkuiRJC7TYOfTLq+o4QLe87Ewdk2xPMpNkZnZ2dpG7kyQNMvIPRatq\nV1VNVdXUxMTEqHcnSSvWYgP96SRrAbrlieGVJElajMVeKfoAsBXY2S33DK0iSRqR1q9E7nPa4t3A\nvwFXJjmWZBtzQX5TkkPATd26JGmMBo7Qq+qtZ3hr45BrkSQtgVeKSlIjDHRJaoS3z5XwmbVqgyN0\nSWqEgS5JjTDQJakRBrokNcJAl6RGGOiS1AgDXZIaYaBLUiMMdElqhIEuSY0w0CWpEQa6JDViSYGe\n5OYk30ryZJIdwypKkrRwiw70JKuAvwXeALwKeGuSVw2rMEnSwixlhH4t8GRVHa6qXwKfBTYPpyxJ\n0kItJdDXAd87Zf1Y1yZJGoOlPOAi87TV8zol24Ht3erPknxrCftcikuBH45p3+Pg8bbN4z2H5PYF\nb3L68f5un42WEujHgJeesr4eeOr0TlW1C9i1hP0MRZKZqpoadx3LxeNtm8fbtsUe71KmXL4GbEhy\nRZLzgFuBB5bw50mSlmDRI/SqOpnkz4F/AlYBn6qqx4dWmSRpQZb0kOiq+gLwhSHVMmpjn/ZZZh5v\n2zzeti3qeFP1vM8xJUnnIC/9l6RGrKhAT/LXSb6Z5OtJ7k+yZtw1jcJKuiVDkpcmeSjJwSSPJ7lt\n3DWNWpJVSR5J8uC4a1kOSdYk2d197x5M8tpx1zRKSd7T/V9+LMndSc7vu+2KCnRgL/Dqqvo94D+B\nD465nqFbgbdkOAm8r6peCVwHvKPx4wW4DTg47iKW0SeAL1bVK4CraPjYk6wD3gVMVdWrmTvh5Na+\n26+oQK+qL1XVyW71q8ydO9+aFXVLhqo6XlUPd69/ytw3e7NXLCdZD2wC7hh3LcshyUXA64E7Aarq\nl1X17HirGrnVwAuTrAYuYJ7re85kRQX6af4U+MdxFzECK/aWDEkmgWuA/eOtZKQ+Drwf+PW4C1km\nLwdmgU9300x3JLlw3EWNSlV9H/gIcBQ4Dvy4qr7Ud/vmAj3JP3dzT6d/bT6lz18w96v6XeOrdGR6\n3ZKhNUleBHwOeHdV/WTc9YxCkjcBJ6rqwLhrWUargdcAn6yqa4CfA81+LpTkYuZ+o74CeAlwYZI/\n6bv9ks5D/01UVTee7f0kW4E3ARurzXM2e92SoSVJXsBcmN9VVfeNu54Ruh64JckbgfOBi5J8pqp6\nf8Ofg44Bx6rqud+6dtNwoAM3At+pqlmAJPcBrwM+02fj5kboZ5PkZuADwC1V9Ytx1zMiK+qWDEnC\n3Pzqwar66LjrGaWq+mBVra+qSeb+Xb/ceJhTVT8Avpfkyq5pI/DEGEsataPAdUku6P5vb2QBHwI3\nN0If4G+A3wb2zv1d8dWq+rPxljRcK/CWDNcDbwO+keTRru1D3VXMasM7gbu6Acph4O1jrmdkqmp/\nkt3Aw8xNCz/CAq4a9UpRSWrEippykaSWGeiS1AgDXZIaYaBLUiMMdElqhIEuSY0w0CWpEQa6JDXi\nfwGyWc7zEkmscQAAAABJRU5ErkJggg==\n",
      "text/plain": [
       "<matplotlib.figure.Figure at 0x7f6daf5e4320>"
      ]
     },
     "metadata": {},
     "output_type": "display_data"
    }
   ],
   "source": [
    "plt.show()"
   ]
  },
  {
   "cell_type": "code",
   "execution_count": 141,
   "metadata": {},
   "outputs": [],
   "source": [
    "from scipy.stats import norm\n",
    "class EMGMM:\n",
    "    def __init__(self, x, cluster_num):\n",
    "        self.x = x\n",
    "        self.cluster_num = cluster_num\n",
    "        self.pi = self._stricted_random(self.cluster_num)\n",
    "        self.mu = np.random.uniform(self.x.min(), self.x.max(), self.cluster_num) # xの範囲からサンプリング\n",
    "        self.sigma = np.random.uniform(0, self.x.var(), self.cluster_num) # xすべての分散より小さい値\n",
    "        self.r = np.zeros((x.size, self.cluster_num)) # 負担率(i個のj次元ベクトル)\n",
    "    \n",
    "    def _stricted_random(self, n):\n",
    "        vec = np.random.rand(n)\n",
    "        _sum = vec.sum()\n",
    "        vec /= _sum\n",
    "        return vec\n",
    "    \n",
    "    def _e_step(self):\n",
    "        for i in range(self.x.size):\n",
    "            probs = np.zeros(self.cluster_num)\n",
    "            for j in range(self.cluster_num):\n",
    "                probs[j] = self.pi[j] * norm.pdf(x[i], self.mu[j], self.sigma[j])\n",
    "            for j in range(self.cluster_num):\n",
    "                self.r[i][j] = probs[j] / probs.sum()\n",
    "    \n",
    "    def _m_step(self):\n",
    "        R = self.r.sum(axis=0)\n",
    "        rx = np.copy(self.r)\n",
    "        rxx = np.copy(self.r)\n",
    "        for i in range(self.x.size):\n",
    "            rx[i] = rx[i] * self.x[i]\n",
    "        RX = rx.sum(axis=0)\n",
    "        for j in range(self.cluster_num):\n",
    "            self.pi[j] = R[j] / R.sum()\n",
    "            self.mu[j] = RX[j] / R[j]\n",
    "        \n",
    "        rxx[i] = rxx[i] * ((x[i] - self.mu[j])**2)\n",
    "        RXX = rxx.sum(axis=0)\n",
    "        for j in range(self.cluster_num):\n",
    "            self.sigma[j] = RXX[j] / R[j]\n",
    "            "
   ]
  },
  {
   "cell_type": "code",
   "execution_count": 142,
   "metadata": {},
   "outputs": [],
   "source": [
    "em = EMGMM(x, 3)"
   ]
  },
  {
   "cell_type": "code",
   "execution_count": 143,
   "metadata": {},
   "outputs": [],
   "source": [
    "em._e_step()\n",
    "em._m_step()"
   ]
  },
  {
   "cell_type": "code",
   "execution_count": 144,
   "metadata": {},
   "outputs": [
    {
     "data": {
      "text/plain": [
       "array([[1.28330224e-01, 6.86081135e-02, 8.03061662e-01],\n",
       "       [2.39426717e-01, 2.05017590e-01, 5.55555693e-01],\n",
       "       [1.72064959e-01, 1.21054922e-01, 7.06880119e-01],\n",
       "       [1.36111176e-01, 7.79566963e-02, 7.85932128e-01],\n",
       "       [1.53947042e-01, 9.92551020e-02, 7.46797856e-01],\n",
       "       [1.44161884e-01, 8.75690855e-02, 7.68269031e-01],\n",
       "       [1.08487840e-01, 4.31097807e-02, 8.48402379e-01],\n",
       "       [3.14253648e-01, 3.03011131e-01, 3.82735221e-01],\n",
       "       [3.48067284e-01, 3.48028336e-01, 3.03904379e-01],\n",
       "       [3.74266741e-01, 3.82537738e-01, 2.43195521e-01],\n",
       "       [2.19842147e-01, 1.80120681e-01, 6.00037172e-01],\n",
       "       [1.18985425e-01, 5.71311890e-02, 8.23883387e-01],\n",
       "       [2.40552267e-01, 2.06459714e-01, 5.52988019e-01],\n",
       "       [1.76031105e-01, 1.25866693e-01, 6.98102202e-01],\n",
       "       [1.51559412e-01, 9.64002073e-02, 7.52040381e-01],\n",
       "       [1.73248802e-01, 1.22489535e-01, 7.04261663e-01],\n",
       "       [1.13227445e-01, 4.97137076e-02, 8.37058848e-01],\n",
       "       [1.01577642e-01, 2.74172033e-02, 8.71005154e-01],\n",
       "       [1.07939503e-01, 4.22909211e-02, 8.49769576e-01],\n",
       "       [2.27754982e-01, 1.90134338e-01, 5.82110680e-01],\n",
       "       [1.23118845e-01, 6.22613146e-02, 8.14619840e-01],\n",
       "       [1.79198773e-01, 1.29721168e-01, 6.91080059e-01],\n",
       "       [1.74382037e-01, 1.23864119e-01, 7.01753843e-01],\n",
       "       [1.03064196e-01, 2.27805286e-02, 8.74155276e-01],\n",
       "       [1.88908387e-01, 1.41601321e-01, 6.69490292e-01],\n",
       "       [1.06889323e-01, 4.06718875e-02, 8.52438790e-01],\n",
       "       [1.01701646e-01, 2.90588354e-02, 8.69239519e-01],\n",
       "       [1.04018706e-01, 3.56704143e-02, 8.60310880e-01],\n",
       "       [1.95680883e-01, 1.49947278e-01, 6.54371839e-01],\n",
       "       [1.60830252e-01, 1.07505553e-01, 7.31664195e-01],\n",
       "       [2.13514349e-01, 1.72158890e-01, 6.14326760e-01],\n",
       "       [1.26099050e-01, 6.59030062e-02, 8.07997944e-01],\n",
       "       [2.21715352e-01, 1.82485494e-01, 5.95799154e-01],\n",
       "       [1.67553756e-01, 1.15600526e-01, 7.16845718e-01],\n",
       "       [2.09826267e-01, 1.67537691e-01, 6.22636042e-01],\n",
       "       [1.33014078e-01, 7.42471252e-02, 7.92738797e-01],\n",
       "       [1.65051013e-01, 1.12582679e-01, 7.22366307e-01],\n",
       "       [2.71010254e-01, 2.45905509e-01, 4.83084237e-01],\n",
       "       [1.07684291e-01, 4.19040531e-02, 8.50411656e-01],\n",
       "       [3.37597493e-01, 3.34102505e-01, 3.28300002e-01],\n",
       "       [1.19620829e-01, 5.79275529e-02, 8.22451619e-01],\n",
       "       [1.17641955e-01, 5.54357587e-02, 8.26922286e-01],\n",
       "       [3.53528398e-01, 3.55272669e-01, 2.91198933e-01],\n",
       "       [1.81478547e-01, 1.32501653e-01, 6.86019800e-01],\n",
       "       [1.19838219e-01, 5.81992756e-02, 8.21962505e-01],\n",
       "       [3.20529082e-01, 3.11364313e-01, 3.68106605e-01],\n",
       "       [2.32503516e-01, 1.96173542e-01, 5.71322942e-01],\n",
       "       [1.54351453e-01, 9.97389702e-02, 7.45909577e-01],\n",
       "       [2.19067697e-01, 1.79144030e-01, 6.01788272e-01],\n",
       "       [2.30468974e-01, 1.93583294e-01, 5.75947732e-01],\n",
       "       [1.03992714e-01, 3.56185839e-02, 8.60388703e-01],\n",
       "       [1.65566547e-01, 1.13203858e-01, 7.21229596e-01],\n",
       "       [2.04770728e-01, 1.61226381e-01, 6.34002891e-01],\n",
       "       [1.36172984e-01, 7.80306237e-02, 7.85796393e-01],\n",
       "       [1.09736720e-01, 4.49216118e-02, 8.45341668e-01],\n",
       "       [2.74485073e-01, 2.50452936e-01, 4.75061991e-01],\n",
       "       [2.67550523e-01, 2.41386685e-01, 4.91062792e-01],\n",
       "       [1.55008371e-01, 1.00525167e-01, 7.44466462e-01],\n",
       "       [2.06085560e-01, 1.62865201e-01, 6.31049239e-01],\n",
       "       [1.93348834e-01, 1.47067861e-01, 6.59583304e-01],\n",
       "       [3.92566858e-01, 4.05993047e-01, 2.01440095e-01],\n",
       "       [1.62640446e-01, 1.09681196e-01, 7.27678358e-01],\n",
       "       [3.24435381e-01, 3.16567470e-01, 3.58997149e-01],\n",
       "       [2.75700100e-01, 2.52045062e-01, 4.72254838e-01],\n",
       "       [3.20251735e-01, 3.10994971e-01, 3.68753293e-01],\n",
       "       [1.06912360e-01, 4.07082308e-02, 8.52379410e-01],\n",
       "       [1.07051775e-01, 4.09273114e-02, 8.52020913e-01],\n",
       "       [1.93728559e-01, 1.47536315e-01, 6.58735125e-01],\n",
       "       [1.12895830e-01, 4.92713251e-02, 8.37832845e-01],\n",
       "       [2.13532677e-01, 1.72181890e-01, 6.14285433e-01],\n",
       "       [4.08349065e-01, 4.25369979e-01, 1.66280956e-01],\n",
       "       [1.16420056e-01, 5.38779227e-02, 8.29702021e-01],\n",
       "       [2.51111879e-01, 2.20045780e-01, 5.28842341e-01],\n",
       "       [2.59356626e-01, 2.30721507e-01, 5.09921867e-01],\n",
       "       [2.77835699e-01, 2.54845971e-01, 4.67318330e-01],\n",
       "       [2.51441325e-01, 2.20471249e-01, 5.28087426e-01],\n",
       "       [2.61217107e-01, 2.33138404e-01, 5.05644488e-01],\n",
       "       [2.53029095e-01, 2.22523120e-01, 5.24447785e-01],\n",
       "       [1.12039326e-01, 4.81179473e-02, 8.39842727e-01],\n",
       "       [1.53850472e-01, 9.91395726e-02, 7.47009955e-01],\n",
       "       [1.25887833e-01, 6.56460839e-02, 8.08466083e-01],\n",
       "       [1.55643206e-01, 1.01285190e-01, 7.43071604e-01],\n",
       "       [2.39074205e-01, 2.04566173e-01, 5.56359622e-01],\n",
       "       [1.23525831e-01, 6.27609512e-02, 8.13713218e-01],\n",
       "       [1.73256120e-01, 1.22498408e-01, 7.04245472e-01],\n",
       "       [1.28400745e-01, 6.86933753e-02, 8.02905880e-01],\n",
       "       [2.11183278e-01, 1.69236377e-01, 6.19580345e-01],\n",
       "       [2.30730069e-01, 1.93915478e-01, 5.75354452e-01],\n",
       "       [4.48320368e-01, 4.66507408e-01, 8.51722241e-02],\n",
       "       [3.03370819e-01, 2.88552058e-01, 4.08077123e-01],\n",
       "       [1.81340959e-01, 1.32333693e-01, 6.86325347e-01],\n",
       "       [2.87958588e-01, 2.68163453e-01, 4.43877959e-01],\n",
       "       [2.49783923e-01, 2.18331733e-01, 5.31884344e-01],\n",
       "       [1.63539975e-01, 1.10763333e-01, 7.25696693e-01],\n",
       "       [2.02258557e-01, 1.58100313e-01, 6.39641130e-01],\n",
       "       [3.28006067e-01, 3.21324845e-01, 3.50669089e-01],\n",
       "       [1.20701757e-01, 5.92751876e-02, 8.20023056e-01],\n",
       "       [1.36790767e-01, 7.87693697e-02, 7.84439863e-01],\n",
       "       [1.89816065e-01, 1.42717024e-01, 6.67466911e-01],\n",
       "       [1.23092229e-01, 6.22286101e-02, 8.14679161e-01],\n",
       "       [5.16470924e-01, 4.70928359e-01, 1.26007171e-02],\n",
       "       [6.67496955e-01, 3.32284666e-01, 2.18379598e-04],\n",
       "       [7.02179810e-01, 2.97727055e-01, 9.31343746e-05],\n",
       "       [6.10964414e-01, 3.88145999e-01, 8.89587040e-04],\n",
       "       [5.84457043e-01, 4.13770339e-01, 1.77261732e-03],\n",
       "       [4.79730572e-01, 4.81446374e-01, 3.88230540e-02],\n",
       "       [5.22887675e-01, 4.66780710e-01, 1.03316154e-02],\n",
       "       [5.66784385e-01, 4.30352755e-01, 2.86285987e-03],\n",
       "       [5.36445918e-01, 4.56707007e-01, 6.84707484e-03],\n",
       "       [5.02808388e-01, 4.77887277e-01, 1.93043352e-02],\n",
       "       [5.65190435e-01, 4.31817384e-01, 2.99218087e-03],\n",
       "       [6.65514444e-01, 3.34256304e-01, 2.29252578e-04],\n",
       "       [6.22822797e-01, 3.76518153e-01, 6.59050177e-04],\n",
       "       [4.30192109e-01, 4.49828386e-01, 1.19979505e-01],\n",
       "       [7.74452551e-01, 2.25532967e-01, 1.44820279e-05],\n",
       "       [4.66812538e-01, 4.77943931e-01, 5.52435304e-02],\n",
       "       [5.47092558e-01, 4.47904227e-01, 5.00321585e-03],\n",
       "       [5.21665796e-01, 4.67606208e-01, 1.07279954e-02],\n",
       "       [5.68990531e-01, 4.28315692e-01, 2.69377737e-03],\n",
       "       [5.73103008e-01, 4.24490214e-01, 2.40677765e-03],\n",
       "       [7.74115785e-01, 2.25869599e-01, 1.46156869e-05],\n",
       "       [6.77989054e-01, 3.21842077e-01, 1.68869016e-04],\n",
       "       [5.64514967e-01, 4.32436147e-01, 3.04888543e-03],\n",
       "       [5.65834033e-01, 4.31226751e-01, 2.93921613e-03],\n",
       "       [5.53036733e-01, 4.42748380e-01, 4.21488750e-03],\n",
       "       [5.29519093e-01, 4.62045434e-01, 8.43547316e-03],\n",
       "       [5.84459443e-01, 4.13768053e-01, 1.77250406e-03],\n",
       "       [6.83160993e-01, 3.16690253e-01, 1.48753464e-04],\n",
       "       [5.63121273e-01, 4.33709117e-01, 3.16960974e-03],\n",
       "       [5.44484483e-01, 4.50116882e-01, 5.39863473e-03],\n",
       "       [6.51896981e-01, 3.47782767e-01, 3.20251604e-04],\n",
       "       [5.09479382e-01, 4.74849414e-01, 1.56712042e-02],\n",
       "       [4.95059240e-01, 4.80387580e-01, 2.45531796e-02],\n",
       "       [5.36935400e-01, 4.56316839e-01, 6.74776024e-03],\n",
       "       [5.99682247e-01, 3.99129126e-01, 1.18862680e-03],\n",
       "       [5.17387556e-01, 4.70365512e-01, 1.22469315e-02],\n",
       "       [5.67239438e-01, 4.29933498e-01, 2.82706323e-03],\n",
       "       [6.25482936e-01, 3.73900564e-01, 6.16499877e-04],\n",
       "       [5.41741932e-01, 4.52406628e-01, 5.85144042e-03],\n",
       "       [5.61473906e-01, 4.35207042e-01, 3.31905165e-03],\n",
       "       [5.09387431e-01, 4.74896252e-01, 1.57163166e-02],\n",
       "       [5.66811391e-01, 4.30327888e-01, 2.86072179e-03],\n",
       "       [5.95747446e-01, 4.02935941e-01, 1.31661281e-03],\n",
       "       [4.75943904e-01, 4.80838606e-01, 4.32174897e-02],\n",
       "       [7.73707491e-01, 2.26277730e-01, 1.47792584e-05],\n",
       "       [5.90505368e-01, 4.07984231e-01, 1.51040133e-03],\n",
       "       [5.39301046e-01, 4.54409664e-01, 6.28928970e-03],\n",
       "       [5.25650054e-01, 4.64858302e-01, 9.49164382e-03],\n",
       "       [5.46497620e-01, 4.48411823e-01, 5.09055678e-03],\n",
       "       [5.74583031e-01, 4.23105229e-01, 2.31174010e-03],\n",
       "       [5.67620881e-01, 4.29581688e-01, 2.79743134e-03],\n",
       "       [5.96832631e-01, 4.01887456e-01, 1.27991315e-03],\n",
       "       [5.73692482e-01, 4.23939090e-01, 2.36842845e-03],\n",
       "       [5.36081293e-01, 4.56996622e-01, 6.92208485e-03],\n",
       "       [5.27719677e-01, 4.63370200e-01, 8.91012346e-03],\n",
       "       [6.91716490e-01, 3.08162955e-01, 1.20555706e-04],\n",
       "       [6.68241767e-01, 3.31543803e-01, 2.14429804e-04],\n",
       "       [6.30735905e-01, 3.68723447e-01, 5.40648042e-04],\n",
       "       [6.41286742e-01, 3.58297213e-01, 4.16044301e-04],\n",
       "       [5.37351006e-01, 4.55984334e-01, 6.66465952e-03],\n",
       "       [7.74961551e-01, 2.25024167e-01, 1.42821452e-05],\n",
       "       [6.00916039e-01, 3.97932689e-01, 1.15127207e-03],\n",
       "       [5.48248335e-01, 4.46913497e-01, 4.83816833e-03],\n",
       "       [6.37347893e-01, 3.62193427e-01, 4.58680219e-04],\n",
       "       [8.32973769e-01, 1.67023663e-01, 2.56773778e-06],\n",
       "       [5.12998923e-01, 4.72961313e-01, 1.40397640e-02],\n",
       "       [5.06833813e-01, 4.76143484e-01, 1.70227029e-02],\n",
       "       [5.71530213e-01, 4.25957361e-01, 2.51242604e-03],\n",
       "       [5.19069525e-01, 4.69306010e-01, 1.16244649e-02],\n",
       "       [4.31553529e-01, 4.51220344e-01, 1.17226127e-01],\n",
       "       [5.28043163e-01, 4.63134109e-01, 8.82272746e-03],\n",
       "       [7.43400125e-01, 2.56566906e-01, 3.29688943e-05],\n",
       "       [6.68939903e-01, 3.30849304e-01, 2.10792602e-04],\n",
       "       [6.56513629e-01, 3.43200473e-01, 2.85897788e-04],\n",
       "       [6.79444431e-01, 3.20392619e-01, 1.62950142e-04],\n",
       "       [6.92847367e-01, 3.07035386e-01, 1.17246956e-04],\n",
       "       [7.61615532e-01, 2.38364004e-01, 2.04634325e-05],\n",
       "       [6.41825536e-01, 3.57763927e-01, 4.10537002e-04],\n",
       "       [5.71421427e-01, 4.26058656e-01, 2.51991693e-03],\n",
       "       [5.64456553e-01, 4.32489604e-01, 3.05384382e-03],\n",
       "       [5.62976052e-01, 4.33841463e-01, 3.18248492e-03],\n",
       "       [5.56819621e-01, 4.39396077e-01, 3.78430188e-03],\n",
       "       [5.96572130e-01, 4.02139248e-01, 1.28862251e-03],\n",
       "       [5.07538506e-01, 4.75809802e-01, 1.66516912e-02],\n",
       "       [5.15638382e-01, 4.71430359e-01, 1.29312594e-02],\n",
       "       [5.68966832e-01, 4.28337633e-01, 2.69553507e-03],\n",
       "       [7.27139464e-01, 2.72810605e-01, 4.99309893e-05],\n",
       "       [5.27759866e-01, 4.63340919e-01, 8.89921526e-03],\n",
       "       [4.97976657e-01, 4.79587028e-01, 2.24363158e-02],\n",
       "       [5.83964423e-01, 4.14239548e-01, 1.79602857e-03],\n",
       "       [5.64391310e-01, 4.32549298e-01, 3.05939215e-03],\n",
       "       [5.39108179e-01, 4.54566448e-01, 6.32537306e-03],\n",
       "       [6.69494619e-01, 3.30297434e-01, 2.07946735e-04],\n",
       "       [6.18023709e-01, 3.81232554e-01, 7.43736503e-04],\n",
       "       [4.97324813e-01, 4.79781170e-01, 2.28940176e-02],\n",
       "       [5.72796659e-01, 4.24776369e-01, 2.42697261e-03],\n",
       "       [5.74473821e-01, 4.23207566e-01, 2.31861229e-03],\n",
       "       [7.32750653e-01, 2.67206037e-01, 4.33095287e-05],\n",
       "       [6.27359976e-01, 3.72051822e-01, 5.88201985e-04],\n",
       "       [6.80610104e-01, 3.19231537e-01, 1.58358505e-04],\n",
       "       [4.89537117e-01, 4.81399593e-01, 2.90632900e-02],\n",
       "       [5.39952387e-01, 4.53878540e-01, 6.16907289e-03],\n",
       "       [5.63786628e-01, 4.33102032e-01, 3.11133969e-03],\n",
       "       [6.06827399e-01, 3.92183823e-01, 9.88778202e-04],\n",
       "       [5.15490310e-01, 4.71518706e-01, 1.29909839e-02],\n",
       "       [5.82302957e-01, 4.15819573e-01, 1.87747079e-03],\n",
       "       [5.32157661e-01, 4.60054419e-01, 7.78792031e-03],\n",
       "       [5.34132674e-01, 4.58529008e-01, 7.33831799e-03],\n",
       "       [5.74495551e-01, 4.23187206e-01, 2.31724315e-03],\n",
       "       [4.60289186e-01, 4.74698833e-01, 6.50119814e-02],\n",
       "       [5.90617624e-01, 4.07876430e-01, 1.50594627e-03],\n",
       "       [5.54332239e-01, 4.41606062e-01, 4.06169899e-03],\n",
       "       [5.20297363e-01, 4.68511578e-01, 1.11910589e-02],\n",
       "       [6.03369369e-01, 3.95549988e-01, 1.08064351e-03],\n",
       "       [7.78408343e-01, 2.21578663e-01, 1.29939658e-05],\n",
       "       [5.57259856e-01, 4.39002754e-01, 3.73739088e-03],\n",
       "       [7.17282195e-01, 2.82653831e-01, 6.39740805e-05],\n",
       "       [7.51020788e-01, 2.48952160e-01, 2.70522929e-05],\n",
       "       [5.48459791e-01, 4.46731590e-01, 4.80861866e-03],\n",
       "       [5.90483530e-01, 4.08005200e-01, 1.51126963e-03],\n",
       "       [5.76451013e-01, 4.21351448e-01, 2.19753981e-03],\n",
       "       [6.57812809e-01, 3.41910270e-01, 2.76921284e-04],\n",
       "       [6.05648517e-01, 3.93332351e-01, 1.01913208e-03],\n",
       "       [5.97081592e-01, 4.01646759e-01, 1.27164812e-03],\n",
       "       [6.04661642e-01, 3.94293059e-01, 1.04529929e-03],\n",
       "       [5.39786272e-01, 4.54014235e-01, 6.19949368e-03],\n",
       "       [5.14174680e-01, 4.72290975e-01, 1.35343444e-02],\n",
       "       [7.65054706e-01, 2.34926624e-01, 1.86692301e-05],\n",
       "       [6.25775582e-01, 3.73612421e-01, 6.11996590e-04],\n",
       "       [5.67345853e-01, 4.29835385e-01, 2.81876245e-03],\n",
       "       [5.97099954e-01, 4.01629006e-01, 1.27104082e-03],\n",
       "       [5.69213564e-01, 4.28109140e-01, 2.67729640e-03],\n",
       "       [6.36230749e-01, 3.63297678e-01, 4.71572551e-04],\n",
       "       [7.62709838e-01, 2.37270286e-01, 1.98758699e-05],\n",
       "       [5.76841396e-01, 4.20984152e-01, 2.17445206e-03],\n",
       "       [7.96172371e-01, 2.03819745e-01, 7.88384030e-06],\n",
       "       [6.68499353e-01, 3.31287567e-01, 2.13080547e-04],\n",
       "       [6.04030748e-01, 3.94906853e-01, 1.06239916e-03],\n",
       "       [8.15561377e-01, 1.84434182e-01, 4.44069177e-06],\n",
       "       [6.23842687e-01, 3.75514927e-01, 6.42386207e-04],\n",
       "       [6.32825959e-01, 3.66660823e-01, 5.13218729e-04],\n",
       "       [5.56775736e-01, 4.39435250e-01, 3.78901324e-03],\n",
       "       [5.62614776e-01, 4.34170461e-01, 3.21476265e-03],\n",
       "       [4.94144428e-01, 4.80601669e-01, 2.52539024e-02],\n",
       "       [6.15289528e-01, 3.83913469e-01, 7.97002526e-04],\n",
       "       [5.22561642e-01, 4.67002517e-01, 1.04358414e-02],\n",
       "       [5.33229081e-01, 4.59230479e-01, 7.54044027e-03],\n",
       "       [7.54154592e-01, 2.45820486e-01, 2.49216629e-05],\n",
       "       [6.04131923e-01, 3.94808440e-01, 1.05963708e-03],\n",
       "       [4.69775411e-01, 4.79100581e-01, 5.11240077e-02],\n",
       "       [6.84894382e-01, 3.14963060e-01, 1.42558291e-04],\n",
       "       [5.23823575e-01, 4.66137914e-01, 1.00385111e-02],\n",
       "       [7.15655656e-01, 2.84277714e-01, 6.66293961e-05],\n",
       "       [4.74155889e-01, 4.80429566e-01, 4.54145450e-02],\n",
       "       [5.89434394e-01, 4.09011985e-01, 1.55362068e-03],\n",
       "       [5.02632382e-01, 4.77956964e-01, 1.94106541e-02],\n",
       "       [6.09494518e-01, 3.89581910e-01, 9.23571829e-04],\n",
       "       [6.21309363e-01, 3.78006024e-01, 6.84612936e-04],\n",
       "       [5.12742869e-01, 4.73104750e-01, 1.41523811e-02],\n",
       "       [6.37994965e-01, 3.61553656e-01, 4.51379187e-04],\n",
       "       [5.06929813e-01, 4.76098508e-01, 1.69716792e-02],\n",
       "       [5.86677001e-01, 4.11651892e-01, 1.67110746e-03],\n",
       "       [5.62213168e-01, 4.34535770e-01, 3.25106221e-03],\n",
       "       [4.86814660e-01, 4.81643100e-01, 3.15422403e-02],\n",
       "       [5.15052104e-01, 4.71778482e-01, 1.31694143e-02],\n",
       "       [6.06786507e-01, 3.92223678e-01, 9.89814949e-04],\n",
       "       [5.42071311e-01, 4.52133751e-01, 5.79493806e-03],\n",
       "       [7.17225162e-01, 2.82710773e-01, 6.40654366e-05],\n",
       "       [6.81567395e-01, 3.18277921e-01, 1.54683919e-04],\n",
       "       [5.64693220e-01, 4.32272971e-01, 3.03380882e-03],\n",
       "       [6.07483914e-01, 3.91543796e-01, 9.72289439e-04],\n",
       "       [5.97476546e-01, 4.01264801e-01, 1.25865272e-03],\n",
       "       [6.26547801e-01, 3.72851922e-01, 6.00276892e-04],\n",
       "       [6.35811114e-01, 3.63712375e-01, 4.76511245e-04],\n",
       "       [4.76725114e-01, 4.80992791e-01, 4.22820951e-02],\n",
       "       [6.01112826e-01, 3.97741743e-01, 1.14543019e-03],\n",
       "       [7.19277337e-01, 2.80661806e-01, 6.08560449e-05],\n",
       "       [5.28725950e-01, 4.62632790e-01, 8.64125971e-03],\n",
       "       [5.73473689e-01, 4.24143726e-01, 2.38258467e-03],\n",
       "       [5.63830031e-01, 4.33062389e-01, 3.10757919e-03],\n",
       "       [6.29637468e-01, 3.69806865e-01, 5.55667376e-04],\n",
       "       [5.57218550e-01, 4.39039685e-01, 3.74176533e-03],\n",
       "       [6.21643877e-01, 3.77677248e-01, 6.78875164e-04],\n",
       "       [6.26207291e-01, 3.73187293e-01, 6.05415683e-04],\n",
       "       [5.54584292e-01, 4.41383102e-01, 4.03260545e-03],\n",
       "       [6.58073876e-01, 3.41650972e-01, 2.75152175e-04],\n",
       "       [6.31872141e-01, 3.67602306e-01, 5.25553370e-04],\n",
       "       [6.83559061e-01, 3.16293631e-01, 1.47307597e-04],\n",
       "       [7.13156732e-01, 2.86772351e-01, 7.09171923e-05],\n",
       "       [6.16396396e-01, 3.82828631e-01, 7.74973104e-04],\n",
       "       [7.13093104e-01, 2.86835867e-01, 7.10297766e-05],\n",
       "       [5.92009342e-01, 4.06538792e-01, 1.45186518e-03],\n",
       "       [4.81235683e-01, 4.81590238e-01, 3.71740787e-02],\n",
       "       [7.78910842e-01, 2.21076343e-01, 1.28153488e-05],\n",
       "       [4.42471900e-01, 4.61609547e-01, 9.59185524e-02],\n",
       "       [5.86542042e-01, 4.11780861e-01, 1.67709704e-03],\n",
       "       [5.92322091e-01, 4.06237909e-01, 1.43999994e-03],\n",
       "       [5.38270815e-01, 4.55244525e-01, 6.48466012e-03],\n",
       "       [5.19724858e-01, 4.68884151e-01, 1.13909918e-02]])"
      ]
     },
     "execution_count": 144,
     "metadata": {},
     "output_type": "execute_result"
    }
   ],
   "source": [
    "em.r"
   ]
  },
  {
   "cell_type": "code",
   "execution_count": 145,
   "metadata": {},
   "outputs": [],
   "source": [
    "em._e_step()\n",
    "em._m_step()"
   ]
  },
  {
   "cell_type": "code",
   "execution_count": 146,
   "metadata": {},
   "outputs": [
    {
     "data": {
      "text/plain": [
       "array([[1.24316273e-05, 4.97911698e-05, 9.99937777e-01],\n",
       "       [5.59944449e-03, 1.22250293e-02, 9.82175526e-01],\n",
       "       [2.73382150e-04, 7.96718577e-04, 9.98929899e-01],\n",
       "       [2.50039861e-05, 9.29972683e-05, 9.99881999e-01],\n",
       "       [9.27408173e-05, 3.01230454e-04, 9.99606029e-01],\n",
       "       [4.70307561e-05, 1.63774116e-04, 9.99789195e-01],\n",
       "       [8.93089108e-07, 4.78510049e-06, 9.99994322e-01],\n",
       "       [7.17024364e-02, 1.22842603e-01, 8.05454961e-01],\n",
       "       [1.74024785e-01, 2.68442764e-01, 5.57532451e-01],\n",
       "       [2.82267133e-01, 4.00001319e-01, 3.17731548e-01],\n",
       "       [2.57561541e-03, 6.04663461e-03, 9.91377750e-01],\n",
       "       [4.49993452e-06, 2.01194929e-05, 9.99975381e-01],\n",
       "       [5.84528896e-03, 1.27108949e-02, 9.81443816e-01],\n",
       "       [3.38620364e-04, 9.66214778e-04, 9.98695165e-01],\n",
       "       [7.91697157e-05, 2.61328204e-04, 9.99659502e-01],\n",
       "       [2.91624998e-04, 8.44471999e-04, 9.98863903e-01],\n",
       "       [2.04482266e-06, 9.97704209e-06, 9.99987978e-01],\n",
       "       [5.28435865e-08, 3.95523297e-07, 9.99999552e-01],\n",
       "       [7.97447994e-07, 4.32834809e-06, 9.99994874e-01],\n",
       "       [3.54971423e-03, 8.08644267e-03, 9.88363843e-01],\n",
       "       [7.27207331e-06, 3.08564987e-05, 9.99961871e-01],\n",
       "       [3.99850673e-04, 1.12244814e-03, 9.98477701e-01],\n",
       "       [3.10047207e-04, 8.92404288e-04, 9.98797549e-01],\n",
       "       [1.46622145e-08, 1.28710417e-07, 9.99999857e-01],\n",
       "       [6.50384623e-04, 1.74118149e-03, 9.97608434e-01],\n",
       "       [6.32317805e-07, 3.52471485e-06, 9.99995843e-01],\n",
       "       [7.76390918e-08, 5.54504300e-07, 9.99999368e-01],\n",
       "       [2.85327589e-07, 1.74468411e-06, 9.99997970e-01],\n",
       "       [8.96967281e-04, 2.32793740e-03, 9.96775095e-01],\n",
       "       [1.43058840e-04, 4.44742484e-04, 9.99412199e-01],\n",
       "       [1.97726488e-03, 4.75911296e-03, 9.93263622e-01],\n",
       "       [9.96101436e-06, 4.08548808e-05, 9.99949184e-01],\n",
       "       [2.78143668e-03, 6.48280763e-03, 9.90735756e-01],\n",
       "       [2.12449484e-04, 6.34837509e-04, 9.99152713e-01],\n",
       "       [1.68888191e-03, 4.12614624e-03, 9.94184972e-01],\n",
       "       [1.91648811e-05, 7.33064126e-05, 9.99907529e-01],\n",
       "       [1.83904006e-04, 5.57506203e-04, 9.99258590e-01],\n",
       "       [1.76868060e-02, 3.47042405e-02, 9.47608953e-01],\n",
       "       [7.55191810e-07, 4.12463709e-06, 9.99995120e-01],\n",
       "       [1.35926877e-01, 2.16663606e-01, 6.47409518e-01],\n",
       "       [4.86316936e-06, 2.15594081e-05, 9.99973577e-01],\n",
       "       [3.79852374e-06, 1.73026546e-05, 9.99978899e-01],\n",
       "       [1.95672349e-01, 2.96658539e-01, 5.07669111e-01],\n",
       "       [4.49575730e-04, 1.24763366e-03, 9.98302791e-01],\n",
       "       [4.99231907e-06, 2.20685779e-05, 9.99972939e-01],\n",
       "       [8.60382366e-02, 1.44579547e-01, 7.69382217e-01],\n",
       "       [4.28295444e-03, 9.58714058e-03, 9.86129905e-01],\n",
       "       [9.52190058e-05, 3.08452060e-04, 9.99596329e-01],\n",
       "       [2.49459174e-03, 5.87406123e-03, 9.91631347e-01],\n",
       "       [3.95349270e-03, 8.91602995e-03, 9.87130477e-01],\n",
       "       [2.82780668e-07, 1.73093222e-06, 9.99997986e-01],\n",
       "       [1.89503324e-04, 5.72761769e-04, 9.99237735e-01],\n",
       "       [1.35433466e-03, 3.37899237e-03, 9.95266673e-01],\n",
       "       [2.51334161e-05, 9.34279705e-05, 9.99881439e-01],\n",
       "       [1.13719622e-06, 5.92772145e-06, 9.99992935e-01],\n",
       "       [1.99438945e-02, 3.86966128e-02, 9.41359493e-01],\n",
       "       [1.56743709e-02, 3.11034635e-02, 9.53222166e-01],\n",
       "       [9.93611663e-05, 3.20481459e-04, 9.99580157e-01],\n",
       "       [1.43514482e-03, 3.56089834e-03, 9.95003957e-01],\n",
       "       [8.04184570e-04, 2.10919942e-03, 9.97086616e-01],\n",
       "       [3.52447609e-01, 4.68909828e-01, 1.78642563e-01],\n",
       "       [1.59529245e-04, 4.90547689e-04, 9.99349923e-01],\n",
       "       [9.60349095e-02, 1.59445645e-01, 7.44519445e-01],\n",
       "       [2.07933302e-02, 4.01876123e-02, 9.39019058e-01],\n",
       "       [8.53602497e-02, 1.43562935e-01, 7.71076816e-01],\n",
       "       [6.35698070e-07, 3.54138293e-06, 9.99995823e-01],\n",
       "       [6.56380052e-07, 3.64315202e-06, 9.99995700e-01],\n",
       "       [8.18695410e-04, 2.14355905e-03, 9.97037746e-01],\n",
       "       [1.94255776e-06, 9.53264758e-06, 9.99988525e-01],\n",
       "       [1.97880106e-03, 4.76246066e-03, 9.93258738e-01],\n",
       "       [4.00991919e-01, 5.03281425e-01, 9.57266562e-02],\n",
       "       [3.23361081e-06, 1.49934553e-05, 9.99981773e-01],\n",
       "       [8.68108218e-03, 1.81971391e-02, 9.73121779e-01],\n",
       "       [1.17174012e-02, 2.38882484e-02, 9.64394350e-01],\n",
       "       [2.23668716e-02, 4.29342671e-02, 9.34698861e-01],\n",
       "       [8.78701104e-03, 1.83984863e-02, 9.72814503e-01],\n",
       "       [1.25252583e-02, 2.53777782e-02, 9.62096963e-01],\n",
       "       [9.31435309e-03, 1.93975625e-02, 9.71288084e-01],\n",
       "       [1.69494824e-06, 8.44575075e-06, 9.99989859e-01],\n",
       "       [9.21570035e-05, 2.99526424e-04, 9.99608317e-01],\n",
       "       [9.74854831e-06, 4.00762650e-05, 9.99950175e-01],\n",
       "       [1.03504732e-04, 3.32465521e-04, 9.99564030e-01],\n",
       "       [5.52440857e-03, 1.20763478e-02, 9.82399244e-01],\n",
       "       [7.60192025e-06, 3.21015066e-05, 9.99960297e-01],\n",
       "       [2.91740909e-04, 8.44774478e-04, 9.98863485e-01],\n",
       "       [1.25167940e-05, 5.00957029e-05, 9.99937388e-01],\n",
       "       [1.79031745e-03, 4.34984652e-03, 9.93859836e-01],\n",
       "       [3.99444812e-03, 8.99972728e-03, 9.87005825e-01],\n",
       "       [4.80736613e-01, 5.07973719e-01, 1.12896677e-02],\n",
       "       [5.15118284e-02, 9.12672957e-02, 8.57220876e-01],\n",
       "       [4.46431195e-04, 1.23975774e-03, 9.98313811e-01],\n",
       "       [3.14052324e-02, 5.83811404e-02, 9.10213627e-01],\n",
       "       [8.26585378e-03, 1.74056621e-02, 9.74328484e-01],\n",
       "       [1.68286386e-04, 5.14711329e-04, 9.99317002e-01],\n",
       "       [1.21102748e-03, 3.05386740e-03, 9.95735105e-01],\n",
       "       [1.05912040e-01, 1.73916375e-01, 7.20171585e-01],\n",
       "       [5.53083983e-06, 2.41770500e-05, 9.99970292e-01],\n",
       "       [2.64567258e-05, 9.78187601e-05, 9.99875725e-01],\n",
       "       [6.79553749e-04, 1.81155691e-03, 9.97508889e-01],\n",
       "       [7.25088841e-06, 3.07763356e-05, 9.99961973e-01],\n",
       "       [5.75264338e-01, 4.24674178e-01, 6.14838600e-05],\n",
       "       [6.88113183e-01, 3.11886809e-01, 7.65288689e-09],\n",
       "       [7.03936527e-01, 2.96063471e-01, 1.43293883e-09],\n",
       "       [6.57057755e-01, 3.42942106e-01, 1.39548882e-07],\n",
       "       [6.39102544e-01, 3.60896832e-01, 6.24305511e-07],\n",
       "       [5.26652712e-01, 4.72185726e-01, 1.16156286e-03],\n",
       "       [5.82754052e-01, 4.17208317e-01, 3.76304849e-05],\n",
       "       [6.25384756e-01, 3.74613418e-01, 1.82677133e-06],\n",
       "       [5.97452911e-01, 4.02533192e-01, 1.38968426e-05],\n",
       "       [5.58196786e-01, 4.41622150e-01, 1.81063470e-04],\n",
       "       [6.24065326e-01, 3.75932654e-01, 2.01963698e-06],\n",
       "       [6.87147810e-01, 3.12852181e-01, 8.43565764e-09],\n",
       "       [6.64274357e-01, 3.35725569e-01, 7.38714488e-08],\n",
       "       [4.50114063e-01, 5.16857887e-01, 3.30280504e-02],\n",
       "       [7.32269189e-01, 2.67730811e-01, 4.48396711e-11],\n",
       "       [5.08189676e-01, 4.88677564e-01, 3.13275950e-03],\n",
       "       [6.07978726e-01, 3.92014658e-01, 6.61585401e-06],\n",
       "       [5.81354530e-01, 4.18604190e-01, 4.12799135e-05],\n",
       "       [6.27187102e-01, 3.72811306e-01, 1.59146625e-06],\n",
       "       [6.30475260e-01, 3.69523505e-01, 1.23451877e-06],\n",
       "       [7.32147239e-01, 2.67852761e-01, 4.55859710e-11],\n",
       "       [6.93103999e-01, 3.06895996e-01, 4.58682064e-09],\n",
       "       [6.23501755e-01, 3.76496138e-01, 2.10779115e-06],\n",
       "       [6.24599842e-01, 3.75398219e-01, 1.93927908e-06],\n",
       "       [6.13498464e-01, 3.86497100e-01, 4.43616964e-06],\n",
       "       [5.90131749e-01, 4.09845299e-01, 2.29523184e-05],\n",
       "       [6.39104302e-01, 3.60895074e-01, 6.24217309e-07],\n",
       "       [6.95495047e-01, 3.04504950e-01, 3.57066238e-09],\n",
       "       [6.22330465e-01, 3.77667232e-01, 2.30286227e-06],\n",
       "       [6.05478287e-01, 3.94513803e-01, 7.90975654e-06],\n",
       "       [6.80307583e-01, 3.19692401e-01, 1.65791524e-08],\n",
       "       [5.66714404e-01, 4.33179283e-01, 1.06313595e-04],\n",
       "       [5.47910612e-01, 4.51750787e-01, 3.38600576e-04],\n",
       "       [5.97955772e-01, 4.02030808e-01, 1.34203764e-05],\n",
       "       [6.49751588e-01, 3.50248152e-01, 2.60302929e-07],\n",
       "       [5.76355392e-01, 4.23587330e-01, 5.72782114e-05],\n",
       "       [6.25758767e-01, 3.74239458e-01, 1.77537336e-06],\n",
       "       [6.65834156e-01, 3.34165780e-01, 6.42017730e-08],\n",
